('2002-10-22', [-17.120151, 63.498802, -16.337507, 63.975599])
('2002-10-23', [-19.05626, 62.637483, -17.143616, 63.602063])
('2003-01-19', [-67.575581, -45.764561, -63.257844, -44.841727])
('2003-01-19', [-67.54834, -45.711837, -63.500977, -44.850475])
('2003-03-09', [-146.614203, 58.592352, -144.270666, 60.543486])
('2003-03-11', [-146.467104, 59.275672, -144.136757, 60.569836])
('2003-03-12', [-141.317987, 58.227593, -138.24017, 59.471221])
('2003-03-12', [-141.622253, 58.297892, -139.206345, 59.383326])
('2003-03-12', [-142.852868, 59.326216, -140.118007, 59.857944])
('2003-03-12', [-146.700115, 59.392126, -144.765487, 60.556654])
('2003-03-12', [-143.904704, 59.84695, -143.097877, 60.251239])
('2003-03-13', [-144.927246, 59.32016, -143.116699, 60.236058])
('2003-03-13', [-146.83828, 59.554735, -144.648633, 60.49954])
('2003-03-13', [-145.076416, 59.297643, -142.957119, 60.238054])
('2003-03-13', [-144.647667, 59.389924, -143.119751, 60.238051])
('2003-09-15', [-147.150409, 58.851626, -144.833252, 60.525909])
('2003-09-18', [-146.104111, 58.623108, -143.166994, 60.613791])
('2003-10-30', [-19.210676, 62.628146, -16.769806, 64.01223])
('2003-11-02', [-19.87207, 62.122574, -17.165039, 63.922618])
('2003-11-02', [-21.968158, 62.376034, -19.909953, 63.808595])
('2003-11-02', [-19.999451, 62.090399, -16.846887, 63.931671])
('2003-11-02', [-19.897187, 61.97174, -16.916102, 63.922873])
('2003-11-02', [-22.037872, 62.336485, -19.887797, 63.852569])
('2003-11-02', [-19.985804, 61.923419, -17.040627, 63.962441])
('2003-11-02', [-20.809528, 62.756134, -19.936747, 63.584487])
('2003-11-03', [-19.277138, 61.607017, -15.76403, 63.650434])
('2004-10-05', [-19.522705, 59.602446, -16.562988, 63.963318])
('2004-10-05', [-21.196554, 59.677883, -16.421541, 64.054749])
('2004-10-05', [-21.126942, 59.792126, -16.395897, 64.045948])
('2004-10-05', [-21.145258, 62.046456, -19.474443, 63.856967])
('2004-10-05', [-19.522162, 61.962936, -16.570025, 63.960213])
('2005-01-11', [-146.29735, 57.880444, -144.265991, 60.561055])
('2005-01-11', [-144.30997, 58.728572, -143.316274, 60.117216])
('2005-01-11', [-140.518901, 58.583543, -138.228126, 59.453643])
('2005-01-17', [-148.11768, 58.526436, -144.855195, 60.424836])
('2005-01-17', [-144.863024, 59.286653, -143.262559, 60.152359])
('2005-11-04', [-143.678339, 59.877709, -143.073768, 60.191912])
('2005-11-05', [-146.407303, 58.728576, -144.70571, 60.63137])
('2005-11-05', [-146.321887, 58.814255, -144.771986, 60.572032])
('2006-07-18', [-63.51416, -40.365952, -62.624268, -39.911132])
('2006-07-18', [-63.28125, -40.506573, -62.444092, -40.227529])
('2006-07-18', [-63.272461, -41.117395, -61.613525, -40.187979])
('2006-10-28', [-145.870999, 58.095781, -141.390577, 60.622586])
('2006-11-01', [-149.085086, 57.770597, -144.771745, 60.464391])
('2006-11-02', [-146.507515, 58.579183, -143.799036, 60.438003])
('2006-11-04', [-147.691312, 58.544014, -144.754196, 60.512724])
('2006-11-05', [-140.3913, 59.240503, -138.99529, 59.458028])
('2006-11-05', [-140.329744, 59.508564, -139.830698, 59.833753])
('2006-11-05', [-148.617545, 58.675827, -144.713115, 60.499521])
('2006-11-06', [-142.285245, 56.966407, -138.187351, 59.82719])
('2006-11-06', [-142.092409, 57.243226, -137.994516, 59.85792])
('2006-11-06', [-146.319506, 57.42782, -143.945191, 60.609397])
('2006-11-13', [-145.738947, 58.451731, -143.615253, 60.547881])
('2006-11-17', [-146.957276, 59.668975, -144.774225, 60.596203])
('2006-11-19', [-146.547935, 58.535226, -144.775992, 60.618192])
('2006-11-22', [-145.943769, 59.996364, -144.983051, 60.444597])
('2006-11-24', [-147.458176, 58.385816, -144.683744, 60.609404])
('2007-04-13', [-61.932129, -40.368083, -59.523926, -38.720183])
('2007-04-13', [-62.53418, -41.651248, -61.193848, -40.240645])
('2007-07-06', [-61.45752, -39.919834, -58.702148, -38.873966])
('2007-08-27', [-62.826416, -40.385698, -60.563232, -39.64524])
('2007-10-24', [-63.166992, -43.549451, -59.24707, -39.805422])
('2007-12-09', [-62.907715, -41.629231, -57.115723, -40.020877])
('2008-12-22', [-62.459473, -42.618054, -58.59668, -40.649363])
('2009-01-10', [-62.991211, -42.433424, -61.347656, -40.992061])
('2009-01-16', [-61.655273, -41.14147, -58.166016, -39.805573])
('2009-01-22', [-63.158203, -42.653144, -61.321289, -40.640509])
('2009-01-23', [-63.230647, -42.103942, -61.586213, -40.179175])
('2009-01-23', [-62.868164, -43.848421, -58.816406, -40.578987])
('2009-01-30', [-61.97168, -42.872864, -59.501953, -41.106315])
('2009-02-17', [-63.237305, -41.827065, -59.572266, -39.998995])
('2009-02-28', [-62.806641, -41.980903, -61.07959, -40.807598])
('2009-03-28', [-69.055664, -45.913812, -56.425781, -39.199039])
('2009-03-28', [-69.512695, -47.601328, -62.850586, -46.256641])
('2009-04-05', [-68.326172, -45.078949, -61.769531, -42.301688])
('2009-06-21', [-63.073107, -40.943827, -60.88346, -39.845216])
('2009-06-21', [-62.745117, -40.87791, -61.075195, -39.906748])
('2009-06-22', [-63.0819, -41.163549, -60.689997, -39.889161])
('2009-06-24', [-63.026367, -40.614246, -61.567383, -39.871593])
('2009-07-05', [-63.162598, -41.3569, -62.415527, -40.970193])
('2009-08-05', [-63.421875, -39.234265, -60.591797, -38.539949])
('2009-08-05', [-63.026367, -40.447119, -59.044922, -39.541873])
('2009-08-05', [-62.910377, -40.49559, -58.953184, -39.555179])
('2009-08-05', [-63.407225, -39.194834, -60.993337, -38.548851])
('2009-09-11', [-63.158203, -42.064316, -59.897461, -39.928638])
('2009-09-20', [-62.683594, -40.732822, -60.732422, -38.935512])
('2009-09-23', [-63.18457, -42.152127, -61.189453, -40.280112])
('2009-09-30', [-63.043945, -41.888463, -62.024414, -39.515487])
('2009-10-13', [-62.507813, -40.280112, -58.614258, -38.812383])
('2009-10-25', [-62.762695, -40.877751, -58.297852, -39.04968])
('2009-10-29', [-146.776613, 58.227614, -142.924945, 60.43802])
('2009-10-30', [-147.153008, 58.875768, -144.703945, 60.604982])
('2009-11-04', [-62.912109, -42.890386, -58.447266, -40.201013])
('2009-11-04', [-62.898432, -43.171814, -57.859606, -40.051759])
('2009-11-04', [-62.898432, -43.171814, -57.859606, -40.051759])
('2009-11-05', [-62.780273, -41.941196, -59.545898, -39.893405])
('2009-12-25', [-62.98637, -43.593681, -59.899759, -40.35937])
('2010-01-03', [-61.869029, -42.745539, -59.727747, -41.088833])
('2010-01-08', [-63.144124, -42.218205, -57.621641, -39.871572])
('2010-01-08', [-62.005332, -42.218205, -58.487827, -39.1377])
('2010-01-12', [-62.124048, -40.583472, -60.299342, -39.247561])
('2010-01-12', [-62.801167, -40.882294, -58.259189, -38.403828])
('2010-01-24', [-67.661636, -48.176243, -55.059082, -43.425769])
('2010-01-24', [-69.198836, -49.412023, -59.505032, -44.050784])
('2010-01-24', [-69.29687, -49.403247, -60.749333, -44.868181])
('2010-01-24', [-69.29687, -49.403247, -60.749333, -44.868181])
('2010-01-24', [-67.452031, -48.251838, -54.550661, -43.602581])
('2010-01-25', [-63.898237, -42.574207, -62.403298, -40.508818])
('2010-02-09', [-63.200226, -42.996003, -59.269414, -39.893526])
('2010-02-09', [-67.569462, -48.471502, -61.440209, -43.444258])
('2010-03-23', [-63.351598, -41.022907, -58.321566, -39.115718])
('2010-04-19', [-63.197707, -41.062457, -58.387519, -39.480457])
('2010-04-19', [-63.545061, -41.084429, -61.522495, -39.744124])
('2010-08-18', [-63.250563, -42.136931, -59.551453, -40.429665])
('2010-08-18', [-63.329707, -41.34371, -62.054612, -40.864715])
('2010-12-01', [-147.461894, 57.559688, -144.221108, 60.523686])
('2010-12-23', [-146.573696, 57.621216, -144.542337, 60.486393])
('2010-12-23', [-146.196595, 58.91313, -144.870935, 60.431411])
('2011-01-12', [-143.645364, 57.937605, -137.973387, 59.695383])
('2011-01-12', [-148.355011, 58.856019, -144.749568, 60.477569])
('2011-01-12', [-142.026479, 58.170458, -138.051699, 59.501975])
('2011-11-02', [-145.997314, 58.663404, -144.826172, 60.490808])
('2011-11-02', [-147.114456, 56.781825, -144.770918, 60.45558])
('2011-11-02', [-145.897784, 58.974653, -144.816151, 60.490736])
('2012-10-23', [-146.534895, 57.937576, -142.740386, 60.600609])
('2012-10-24', [-147.880385, 58.390208, -144.679456, 60.446807])
('2012-10-25', [-148.429617, 59.41412, -144.727443, 60.569859])
('2012-10-27', [-148.973984, 58.311107, -144.621072, 60.626979])
('2012-11-07', [-147.721959, 57.963949, -144.507839, 60.389682])
('2012-11-07', [-147.721959, 57.963949, -144.507839, 60.389682])
('2012-12-04', [-147.616699, 58.20697, -145.138184, 60.315397])
('2012-12-04', [-148.32867, 58.122154, -144.661671, 60.565465])
('2012-12-04', [-146.321887, 58.957074, -145.14792, 60.31276])
('2013-11-08', [-146.47323, 58.552808, -144.622143, 60.679719])
('2013-11-16', [-145.505362, 59.128468, -144.190694, 60.635762])
('2013-11-16', [-144.313516, 59.025183, -143.09558, 60.266614])
('2013-11-16', [-145.646899, 59.163629, -144.173944, 60.640162])
('2013-11-16', [-145.408633, 59.734901, -144.625988, 60.517112])
('2013-11-16', [-144.144236, 59.302033, -143.124159, 60.231458])
('2013-11-16', [-145.443514, 58.906533, -144.196998, 60.670903])
('2013-11-17', [-141.389143, 58.346244, -138.816968, 59.462432])
('2013-11-17', [-146.284247, 58.104571, -144.740941, 60.626981])
('2014-10-28', [-146.389765, 58.70222, -143.259185, 60.618198])
('2015-04-01', [-68.876587, -45.711305, -63.218868, -43.033565])
('2015-04-01', [-68.986965, -45.692615, -65.413902, -44.752051])
('2015-04-01', [-69.209078, -44.983994, -66.929827, -44.524109])
('2015-04-01', [-69.009754, -45.676695, -63.241046, -43.101551])
('2015-04-02', [-68.973318, -45.888772, -64.407434, -44.951195])
('2015-04-02', [-68.956992, -45.984306, -64.313885, -44.956006])
('2015-04-02', [-68.992007, -45.808472, -64.331313, -45.065877])
('2015-04-24', [-69.921598, -41.062419, -52.351661, -34.681686])
('2015-04-24', [-67.969383, -37.933575, -53.266212, -32.220798])
('2015-05-20', [-69.305397, -50.92521, -65.270823, -48.63858])
('2015-05-20', [-68.501936, -46.537016, -65.773207, -45.465944])
('2015-05-20', [-69.463258, -50.884207, -65.316999, -48.621068])
('2015-05-21', [-67.904657, -46.409259, -65.754899, -45.785244])
('2015-05-21', [-68.032667, -46.564434, -65.684725, -45.428473])
('2015-05-22', [-68.893547, -45.750504, -65.111452, -45.298055])
('2015-05-22', [-68.927244, -45.366262, -67.183611, -45.170071])
('2015-05-22', [-68.983305, -45.817379, -64.305023, -45.184579])
('2015-11-13', [-145.984058, 57.691528, -142.651222, 60.530339])
('2016-02-20', [-69.668633, -48.565935, -63.617226, -45.253653])
('2016-02-20', [-69.981416, -48.594667, -63.605938, -45.25489])
('2016-10-06', [-147.924197, 59.001036, -144.701283, 60.464386])
('2016-10-23', [-148.82109, 58.240803, -144.419812, 60.569858])
('2016-10-24', [-148.4794, 56.812634, -141.347658, 60.613781])
('2016-10-25', [-148.488499, 57.918397, -139.571625, 60.569024])
('2017-11-07', [-150.176662, 56.918119, -144.267253, 60.53914])
('2017-11-08', [-146.530333, 59.545953, -144.472593, 60.525914])
('2017-11-08', [-146.442321, 58.798884, -143.338926, 60.53469])
('2017-11-11', [-142.768986, 58.227604, -138.13907, 59.809603])
('2017-11-11', [-144.04098, 59.543728, -143.108841, 60.220472])
('2017-11-11', [-147.488605, 55.757958, -144.709776, 60.591847])
('2017-11-13', [-155.262023, 56.179763, -153.683542, 58.205602])
('2017-11-13', [-146.354148, 57.006007, -144.736096, 60.574295])
('2017-11-13', [-155.112952, 57.346465, -154.191805, 58.159437])
('2017-11-13', [-146.217986, 57.26526, -144.696665, 60.701715])
('2017-11-14', [-144.80913, 56.478671, -138.143458, 59.941493])
('2017-11-14', [-147.769793, 56.478688, -144.70077, 60.591887])
('2017-11-15', [-147.043403, 56.638793, -144.703064, 60.594025])
('2017-11-15', [-147.146711, 56.438981, -144.861309, 60.559015])
('2017-11-15', [-147.542942, 56.074457, -144.482712, 60.591945])
('2017-11-15', [-147.35643, 56.557777, -144.69192, 60.574298])
('2017-11-18', [-146.930567, 56.566627, -143.988024, 60.504049])
('2018-01-20', [-146.027524, 59.473422, -144.89093, 60.435805])
('2018-01-28', [-146.042734, 59.449251, -144.928125, 60.453381])
('2018-02-03', [-147.660212, 59.563535, -145.088037, 60.376507])
('2018-02-17', [-145.088908, 57.8365, -141.98471, 60.648944])
('2018-05-08', [-145.783531, 59.937035, -144.134701, 60.45558])
('2018-10-31', [-146.357191, 59.242714, -144.734742, 60.453384])
('2018-11-01', [-148.012303, 58.144128, -144.578339, 60.57865])
('2019-02-25', [-146.214844, 59.28323, -143.920898, 60.830564])
('2019-02-25', [-146.263184, 59.823231, -144.364746, 60.74196])
('2019-02-25', [-146.263184, 59.823231, -144.364746, 60.74196])
('2019-02-25', [-147.010254, 58.653462, -144.364746, 60.74196])
('2019-02-25', [-147.010254, 58.653462, -144.364746, 60.74196])
('2019-02-25', [-147.010254, 58.653462, -144.364746, 60.74196])
('2019-02-25', [-147.010254, 58.653462, -144.364746, 60.74196])
('2019-02-25', [-66.418945, -48.315252, -64.30957, -46.996501])
('2019-02-25', [-69.651123, -41.273445, -68.974365, -40.910735])
('2019-02-25', [-67.631836, -48.995077, -65.911377, -48.254379])
('2019-02-25', [-69.040283, -45.751938, -68.225098, -45.283782])
('2019-02-25', [-68.998535, -45.725674, -68.420654, -45.395986])
('2019-02-25', [-68.965576, -45.899304, -68.049316, -45.459721])
('2019-03-26', [-15.890625, 26.713702, 12.9375, 43.450414])
('2019-11-09', [-144.166992, 57.059541, -138.023437, 59.976433])
